1100000000000000010011101101010000000000000001001110110101000000000000000100111011010
1010100000000000000010011101101010000000000000001001110110101000000000000000100111011
100000000000000010011101101010000000000000001001110110101000000000000000100111011010
100000000000000010011101101010000000000000001001110110101000000000000000100111011010
100000000000000010011101101010000000000000001001110110101000000000000000100111011010
100000000000000010011101101010000000000000001001110110101000000000000000100111011010
100000000000000010011101101010000000000000001001110110101000000000000000100111011010
100000000000000010011101101010000000000000001001110110101000000000000000100111011010
100000000000000010011101101010000000000000001001110110101000000000000000100111011010
100000000000000010011101101010000000000000001001110110101000000000000000100111011010
100000000000000010011101101010000000000000001001110110101000000000000000100111011010
10000000000000001001110110101000000000000000100111011010